..488-

11111111111 98.

11111198.

Maximiliauua iunp. 190, 984.

lliedicis (de) 0111111111 959.
- ioannes 940, 849, 889.
- Joaunea Jaoobua 118.

11111111111151, 59, 64, 900, 901, 901,
906, 941, 919, 999,Ι 909, 918, 996,
961, 968. 910, 814, 915, 818, 881.
998, 409, 410.

lliraudula 408.

1111111111111111. 18, 16, 115, 806.

11111111 11111011 949, 944, 910.

11111111911111. 808, 411, 419, 488, 480.

11111111111111189, 184, 185, 181, 856,
859.

1111111 194, 195, 840, 949, 811, 819, 409,
408, 405, 410, 464, 415, 411, 419,

111111111 abbas 81.

1111111111111 995.

91111111 Hieron. 884, 895 11111.

1111111111 861.

Neapolitanum rognum 48, 51, 59, 59, 61,
65, 88, 105, 949, 956, 994, 810, 869,

111111969, 961.

11111111111. capuanus 46, 50, 51, 89, 54,
56, 58, 60, 191, 981, 804, 819, 895,

Nigrinus Jo. Fr. 96.

1111111111 491.

Novi 886.

111111111111111 diaeta 18.

0111111 111. 996.

0111111111 98.

01111111 princeps 956, 999, 419, 411, 488.
0111111111 eomes 114, 899.

otto 111. 111111. 480.

oxoniensis 11111. 11, 996, 989.

oxoniense collegium 858.

9111111 1111111111. 1, 1, 8, 9, 896.

Pactius 41111909.

Padum 819.

9111111111 444.

Papia 51, 64, 98, 98, 808, 889, 841, 884.

91111111111111111111111 144, 146, 148.

9111111111111111111111 141.

91111149, 158199, 810, 811, 818, 891,
898, 409, 464, 415, 411, 419, 489.

Pentapolis 464 11111.

9111111 (dei 1111 980

Picenum 481.

91111111111911111111 81.

911111111 marchio 106,119,111, 191, 866.

911111111ηεί1 11111. 119, 118, 114, iao, 881.

Pina 11111111 eomes Carpi 94, 998, 961,
881, 891, 489.

91111111111111 11111. 401.

911111111 96, 91, 156, 199, 910, 841, 818,
880, 989, 889, 884, 989, 401, 464,
415, 411, 419, 489.

9111111111111. 951, 896.

9111111 188, 149, 164,110, 189, 186.

91111 1111111111. 1.

911111111111111111 858.

911111111111 (de) 18111111 949.

91111119111 rex: vide loannes lii.

l'ruaala 85, 86, 165, 908, 859.

Pyrrus de Sipiolano 111.

1911111111 (luido 9.

Ranutius 911111 11111111 49.

Ratiapuneuaia diaeta 14, 16.

11111111 489, 446 11 111.

Rediit 911111 860.

lienium 919, 895, 401, 409, 404, 491,
464, 415, 411, 419, 489.

911111911111111111, 11111 1111111111. nean.

Rhenus 11111. Aemiliae 499, 498.

9111111111. 11, 81, 160, 968.

91111111111 169. =

9111111111911111. 459 11111.

91111111 episc. 859.

Roma 989, 884, 889, 401, 409, 410, 419,
418, 490. 491. 440.

1111111111. 61, 95, 96, 111, 194, 141,
144, 151, 901, 911, 995, 854, 951.

Rosaollue lo. 959.

9111111111111 balivus 958.

11111111 9. ll. 480.

Rubloo 811. 481.

11111111Μί11. 860.

9111111114111 uida Carolus ill.

8111111111 111. 916, 919, 899, 851, 811,

811111111159, 81, 69, 114, 164, 908,
911, 914, 890.

Salamauiluua 11111. 94.

811111111111111 989, 408, 418.

81111181 (de) oaud. 185, 119, 180, 189,
114, 111, 111, 111, 111.

Salaburaauala card. 908.

8111111111 11111. 84, 86.

Sancti Martialis domiuus (Salui 11111111 98.

811111191111111 Balneis 496, 499, 410.

Senoniae dux 91111111 806.

8111111111 apiae. 189, 184, 186, 181, 956.

8111111 rex 46. ·

Sedes 1111111111 4, 5, 6, 9, 10, 98, 90, 84,

 

