-489 -

85, 99, 44, 45, 47, 49, 51, 55, 58, 59,
61, 69, 65, 69, 74, 78, 79, 81 61 sss..
87, 99, 99, 109, 190, 194, 149, 154,
184, 188, 199, 199, 195, 919, 999,
997, 998, 996, 940, 949, 951, 977,
600. 910, 917, 958, 999, 994.

Senensis 616. 900 968, 411, 495.

Sunonensis archiepisc. 179, 190.

81661161666616666 dux 1161161661 96, 410.

8161666616 666 16166166 149, 160, 171,
187, 908, 996.

81166 11161661 14, 90, 98, 99, 90, 169, 164.

9166666 66166. 1966666. 479.

Sirmium 968.

8666166616 951.

861616666666 89.

8616616 1666661166 190.

861666 discis 995.

8166161666 96. 179.

81616661666166661. 969.

6666666 dux 106, 119, 190, 197, 999, 917,
989, 961, 950, 951,

9611666616η611 17.

8661166 666187, 959.

86661119.

861166666 666. 88.

’16666166 411, 419 61 seq, 490.

1616166166 6661166. 949.

’166166166616 6661166. 99, 40.

16666666616 sard. 119, 969.

Tridentinus 66166 96, 141, 968, 954.

’1616611166 card. 950, 985.

’166666 15, 17, 18, 19, 99, 97, 55, 59, 60,
61, 67, 86, 97, 98, 100, 190, 199, 195,
196, 198, 141, 157, 166, 169, 169,
165, 176, 914, 915, 917, 919, 991,
994, 997, 941, 949, 969, 965, 970,
980, 999, 649, 951, 969, 976, 990.

1666661685.

1661666666 77, 109, 194, 195, 946.

Tussis 991.

Umbris 966.

0616666166666 89.

onmia 91, 196, 166, 197, 168, 170,
181, 908, 911, 919, 914, 991, 995,
996, 997, 940, 941, 949, 944, 960.

Urbini dux 978, 907, 989, 998, 400, 497.

Ursini 104, 105.

16166 661666 989, 998, 499, 499.

1616166666111166 905, 951.

76166166184.

166666 995, 696, 404, 497, 498.

16661166 111661. 999, 404, 440.

166111 marchio 499, 491, 498.

velitrensis urbs 994.

16661149, 49, 54, 191, 951, 978, 979,
901, 950, 919, 976, 978, 981, 989,
990, 991 998, 409, 419, 497, 491.

1666666616, 188.

166166 81661. 169.

166666 918, 990.

1666666616 66166. 59.

166616666 66166. 81, 89, 88, 81, 85, 88,

1166666611666. 995, 996.

1166666166 81611166 9.

116166166966166 91, 990, 991.

1916666616 496.

11111666161161649666 Phil. 81, 159, 196,
957, 951, 659.

11161116 (1611116166 111,976, 985, 986, 981.

wigorniensis 66166. 99, 100, 109, 940.
1161666 11666666 6116 1116666. 6661166.
116666116666 6666661666 984.

- ‹issi-stum 19.
116666666616 66166. 99, 40.

1666666616 66166. 998.
1666166. 991.

1666166666 66616666666 89, 109.
166166 16666 917.

 

