-43‘1..

188, 148, 178, 868, 886, 810, 888, 188118 7, 18, 88, 41, 80, 64, 68, 70, 81,
088, 846, 847, 848, 866. 106, 107, 110, 111, 118, 178, 186,
88188888 (do) ubertus 818, 888, 840. 800, 801, 804, 808, 807, 888, 888,
8818188818 (de) 1188881881. 78, 108, 108, 841, 878, 877, 801, 808, 808, 814,
117, 118, 180, 188, 188, 186, 888, 816, 886, 886, 846, 861, 866, 886,
846, 441. 488, 488.
8888188818 lemur. 818, 884. 188881 881, 888, 011.
8881888 c. 884, 888. Julius 11. 8888 80.
8888888188, 188.
88888 88 8888888888 80, 878, 408, 410, 1888888 181818. 18, 88, 187, 808, 818.
418, 481, 480, 448. 1888188 08881888888118888118 8, 8, 87, 46,
88188188 88. 477. 67,101, 108,118,116. 180, 184, 180,
8818188 dux 188, 888. 168, 188, 861, 888, 801, 814, 886,
08888818 7, 14 88 888, 88, 78, 78, 77, 888, 881, 888, 868.
188, 188, 186, 188, 148, 148, 180, 188888181888888187,808.
151, 188, 818, 188, 118, 888, 888, nudum 888.
884, 884, 841, 866, 878. 1188818888 1888888 117.
8188888188. 1888, 807, 818, 888. 18888888 188, 186,
(immensis 8818888888 148. ’ 18811. 8, 8, 80, 88148, 188, 888, 866,
8888888 41888188 486. 887, 818, 868, 888.
- rma 488. 18881888188888.186, 187, 188.
·- 8188888188 401. 18888888818888. 866.
88888888 88881888 480. lem 48888 884, 400, 418.
amorim pp. 478. 81888818881888188. 876.
88888888 77, 880. 1818888818 868.
8881888 1118888. 178. 18888818 888888 1811881888 887, 888, 488.
8881188188 episc. 1188888. 474, 478. - - 1ο. 88811888 401.
8818818881888 88888. 168, 888, 871, 418, latim 88888. 187.
488, 486, 440. 188888818888881888 808.
8818887188 806. [8888888188 8880. 880.
[8181888888 188818 880.
mmm 888. ¹ 18888888888 88.
11818881 10, 78, 8188888, 188, 184, 886, 188888 876, 448.

888, 888, 888, 488, 881. tadoneus 88 corduba, rme 88888888
8888881888. 8881888888, 8, 8, 88, 81, - manumet, 181, 180.
81, 88, 88, 88, 88, 11, 88, ιοι, 188, namnum 888.

186, 800, 818, 886, 840, 878, 876. 1881888886, 7, 18, 844, 848, 868.
1188881888 111. imper. 478. 8881888881 84, 86, 70, 74, 76, 88, 188,
118888881818 sigimundus 888. 148, 144, 148, 160, 170, 187,· 884,
11888888 188, 801, 804, 808, 888, 867. 888, 884, 884, 888.
118888818868.
flitmum 18. 11888188811881178. 168.
ammonui· 88188. 868, 806, 184. 1888888888818 78, 78, 888.
81888818 86, 87, 80, 76, 164, 161178, 11818188 168, 868.

881, 848. 868, 884, 888, 818, 841, wiciorum 18881118 886.

888, 876, 878, 411. 1818181888 1188888886, 888.
1181188818 188, 188. - 8888888886, 887.
1188881188 Lupa· 177. - 1888888188 886, 888.

1481818188818888888 188. ’

1888888 1111888818 88188. 88, 88. 1888888 marchio 848, 881, 888, 880, 888.
1118818888 187, 188. 1488888188 arch. 48888188 186, 186.
18810814 488. mamburnum 868.
188818 488, 488, 488, 478, 477, 478, 488. 1888881888 88888. 818.
1888888 de 8881888888 888. 1488888888 op 188888888478.
1888888111. m 88888881Ιί88 18, 80, 87, 118888118 408, 404.

88, 184, 886, 841, 868. 188881118 804.

Jonas 888188 448. 148888 regis 8811188 108, 116, 808.

 

