...486-

188, 188, 188, 184, 188, 188, 188, massmannus.
188, 118, 188, 180, 181, 188, 188, 118818 8818888818 hebr. 88, 88.
804, 818, 888, 888, 888, 888, 888, 0888818188 8888881 188.
888, 818, 880, 884, 888, 888, 888, 118818 4888888 884.
808, 818, 818, 887, 848, 848, 888, 11888188 8888888 480, 484, 488, 488.
888, 44881 888.
0888188 111. 888888188 888 88, 88, 188, 88888888818 88818188. 8,18, 88,48, 88, 88,
188, 888, 804, 808, 848. 818, 818, 888.
088888818881888 880, 811. 8188888888 88 0181818 888.
0888818 088, 887. 8888881 sss 8888888188 18.
08881188 oratorius 8888818881, 818, 818, 8888118888818 8888188 88, 188, 144. 148,
888. 148, 8188 4188818.
08881188 8888888 84, 88, 88. 88888888 8818888888 10, 18.
0888118 nnn. 884. 8888818188 1188888188 484.
08818888888 8888. 108, 108, 108, 118.
088181188188 nem. 48, 118. 88888 1118818818 888.
088181188888 888, 888, 400, 401. 888818 488.
0881811188188 881118. 81, 88,108, 110,118, 18888818 881888 481.
181, 188, 141, 188, 184, 188, 188, 1188888188 41888888888848.
188, 188, 888, 888, 848, 848, 880. - 88881188 48,
Castrum 8. 8888818 408. 88888118 484, 488, 488, 488, 481.
- S. 88111488 8811888818 spiscopus 11188888 88.
0811188188 888188 4881188 88, 108. 88881888888 uch- 48818188 88, 88, 110,
0888888888 Philippus 184. 188, 148, 148, 188, 188, 808, 818
08818818 888188 188, 181, 188. 888, 888, 884, 888, 880, 818, 884.
0888 (8811888881188 880,,888, 181, 888. 8888888888 088888 888, 888, 480, 488,
088818 481. 484, 488.
018188 0881811888 444, 448. 88888818 888. 888, 881, 888, 884, 408
01888888888 88. 81888, 418, 418, 481, 488, 488, 488,
01888888 188. 480, 488, 488, 488, 488.
01888888 88. 488. 88888888 8888 8188 4181888888.
018888888111. 888, 888, 888, 884, 888, 881888181888888888.
888, 888, 888, 888, 888, 818, 888, 81888188 488, 418.
884, 888, 888, 888 81 888., 888, 800, 8188118 401, 408, 408, 481.
801, 808, 808, 808, 811, 818, 814, 81888818 484 81888.
888, 888, 888, 888, 880, 888, 888, 81888888 810, 808, 810, 818, 418, 480.
888, 888, 841, 858, 888, 888, 440, 1181881181 81, 88, 101, 808, 888, 881, 408,
448 81 888. 488, 488, 488, 440.
011888 818, 818. 8881888 48188188 48.
0818888818881888888 880. Fontis 11811181 888 888.
08188888 Ascanius 108, 188, 448. 8888811811 488, 484, 488, 418, 411, 418,
- 888188 448. 481.
- 1488881188 88. 8818888888811488, 418. 488, 481.
- Pompeius 88. 888888881188888 188.
- 8818888 448. 88888188881. 888 8811188 88, 88, 48, 81,
- Stephanus 888. 88, 88, 80, 84, 81, 88, 88, 88, 108,
081881888888848,448. 118, 114, 188, 804, 818, 880, 881,
0888881818 488, 488, 488. 888, 888, 888, 888, 888.
Constantinus inp. 88. 818888881888188) 88888881888 118.
08888118 488. 8888881 884.
0888188 8888888 81, 88, 108, 110. 8888888888 88.
0811888818 488, 484. Frusino 888, 888, 881, 888.
08888818 888, 888. 1888888888 88888188 888, 881, 400, 410,
08888888 888, 888, 888, 408. 411, 414, 418, 481, ’488.
0888818 818, 811, 888, 804.
0881188 188188 808. 8818818 488.
0888188148818888 888. 88111 81 (181118 88,88,88,80,118, 118,

 

