-411-

1161616 166611. Delle gendarrnee 61 cavalli leggeri si 616 6611616 11
6161161616 661 11616116616116 616 61616 61661616 6616’ elle 66 61
1616661616 666166116 desiderio 61666 speranza 11161611 6161161616
61 661116 1666 61661616 61 1661616 tenendo questo exercito 16 666-
ranzo 6161616616 16 16116 6616111616 1116661 61 661 161 eonon 16166616
16 16 2111616616 24 sono 61616 611661616 166116 6661666616 116166616
16’ 1616 1661161161 6116 lingue alemena . . . 61 6616616 66 gli 166-
1616 666 616116 61166116 (116116, 1116116, (116116. Il 616 offendo 16116-
111111661661666166 6166161611 666661116 61616 1611616 1’ 61111 6111616-
11661116611, 6611 616 66611661666616 66 666666616 61 66616166161616
61616116 1661 66661 principio de 66166616611666. 11666616 dunque 16 6
66116 61166 nn'horo di 6616661 6116111616 166 66111666166 16616166,
61616 616 166 6616666111116116 do 6616116 6161616 61 616 16 6616666616
666 166166661616 16 Siena 61 666 1161116 16111 116611116116 16 16
66611616116 11 mono. 111 1616166611116 666116 16 66’ 61116 camerino
6611 61616611611116616 1’ 1116616116 6666166616 61 616616116616 61 gid
66611661616 611611616 6616 666 allogiemendo . . . 6116116 6661 1666
66116 616166661666 havendo 6666 1666 661 meggio 11666 . . . 61
66 661116116 alloggiomento 161 signer Zoreo non 166116 16616661 166
16 6666 16116661666 616 6661666666 16116 61661 1616, 6611 616 61666 16
166 6661616 616111661611 61661 16116 166616 16 16 6166116 11 s. 61. 61’
16 616, 666 conto 1166616 616 6666 116616 11 6661616666161666 11611666,
11611666 61661616166 6. ox. per‘ogni 16616 611666 6661616 61 161116
1616616616 66 16 66666616 1161616 616 gli 161611666 16116 1166166616111
16 11166 166 Dio non 16161616 616 intervenisse 61116116611166. Duo
o 116 6616616616 16 86666661· veneno 16 1611 alloggiomonti 6 66166116
11116661666616 61 666 616116 instantia. Alli gendlhomini 16 6. ex. nd
6 661 61111 666 166616 616666 iniuria 166 166 616116 66616 66161166111616
66111611616 666116161666 111616 616161161 16 1611666116, 1616 66116 61
1611 16611 1616666616 in 16661616 616 'l 6611666161616 16 81666 61
116166 6161616 16166111161166161611161666 1’ 66661 6111661611 66 166-
66616616166 6166111 Spegnooli 661611 li 6611666616 616616116616 1616
616661 souti. Io 611661 161 1611616 1611161661166 61616 61 66616161
consentire 6611 66661 16 6611116 661611 66616666 166611 16661616 61

considerare ee 1616616 endere 16161616 616 poen gente non me 66-

 

