-315-

1161 661116 1616 1116616116 61166 6 quien 1. 1. 11666 16661661-
11166, 166616 6166166 venen o 11616 1. 6166 11666 116616 66116 161-
16116 66111161 661 16 6161661 16116 66111666 11611666 661666161166
se 111 16 161161616 16 6116 116 66166116 augmento, 61616116 algon
116 616 1116 1. 6. 6166611 161 1661611616 servir 16116 1616 61166116
161 a eu 61111116 1116; 1611111 respondet 666 1611 1611111611 16-
161616116 16 166 1. s. 616 16 61161616 6616111, 1166 61 166 6111111116
6166661166, 66 rne figura 166 6611 66616616 166 16 1616616 661 61
11116 Francia 16 66116 6666 66 66161616 161 6161116161, 166 611616 Α
6. 61 1661 observante 1 61661666 fijo de 1. b. 1 11111616111. 6. 6161661
1661611616 oon lo 1661 james 1666 61 66 1611 16661 1616, 16 66
1611116 pensor que 1. b. obroese 6666 61 detrimento 16616 66166, en
611666 exito 1616 1661 66661616 1111161161 1 reposo 11116111, 1616616
bonefisio 6616161616 61161616 james 61 nn 66661116 16 61611661
1661661166 166 Dios 16 16 11111116 1 166 161 6116 16 1. 6. 16 1661
16116161 16 66116 1116611611 66611116 1616 emperor 116116161611166
eonon, 6611116 6116111616 dignidsd 1 1616161166 6166 666611166 116

166166 166 116661616 61 11666166 6166 16 perturber 11616611111166-
minioso 66111161 161611161161 16111116, 166166 6616 666616 61 sangro
1616116166. V. s. 661 61 61616 prudencie 11616 6616116111 elestede
61 166 161 ello 66 16161 166 66166166 generales, pero penso 116 1. 6.

111661116 616616 1611161 6116116 11111116111616611616 1116116161
16661616 61 6161661616, 116 1166116616 61 fijo 166 hosio 611616 11-
616166 1166 maor 61 111616 saginato, 16611661661616 66666166 1616·
666166161 166 1616116 661616 61 otro 116 116 611616 1111616 1666
111616 6161161616 116111 seguido 61116661 16 6616116161166611616
16116661, porquo d’este 16116 161616 661611161, 116161116 heris
1661161 16661 161116 perdide 16 61616616. 1661 1. s. 166 116 1611116
61616616161611616 61 16616616 1 61661166116 116 661611161661661
61 61 161161616 fijo 161. 1. 116 16 Sede 6166161166, 161661116 61616
6666161166 1 gener por 116 61 161 11 1166116. 116611 161 16111 16
1116161616 16166 (116) 166; 1616 66166 661111111616 6116666 flios 611161
161616 616 161116 mse 1616166116166 61166, 6161 61616166 6161661
16611 6111616161, 161116616616 16166161611166161 11616616, 16166116
61616116 1 1. 1. ge lo 111616 v. s. 16 16 1616116 6166616, 661661661161-

 

