246.

Prorex Neapolis 0166666ῖί111.
(1111. princ. 11140).
(3. Martii 1525).

Como lo 666 661661661666616 666 16 1616 66 66166 61 6666616166
666 61 66616666 6161666166 161 66666 16 11666166, 6 como 6. 6 6616
61 16666 16 Albania 66 616 6 invadit 61 dicho 66666 6 16 genteque
11666 661666 66 6 166 6661666 666616 Dios nos 116 66616 6161611
despuas 1616 mal 66 ocho 1166 6616166116 66666 161 progresso
1611161616666, 16 66611616 66666666 16 66161 161 dicho 666166
6661161 6 1666616116666 1611116616 6 666 66616 66 6661661666116
666 66 161166661 por 666 66 66661666 61 honor 161 6666666166 66 alo
666 66 666 61116616 consentit 666 6666 6666666616; 6 para 161 offecto
66616 66 16 6661 6661666666616 16616 felicissimo exercito 6 666666
haurn 16 666666 666 1661166666 661166166 av. s. 16 166 666166 por 666·
61616 6 666616616616 v. 1. 1666666 16616 6661616 66166 16166666
mas 6666 61 6616666161, 661166666611666 6 v. s. 666 116661 11661666
16 Lara, 61 666111666 16 66666 1616 161166 victoria 666 16666666 por
1166 16661161 commissarios 666 6166666666616 6161661166 666161
1166666 16161616616, 616 gente 666 66 para 161661616116666. y
castigat 666 61 66616 1611166 61 invasor 66 166 666166 1661616166
armas 66 6616666 6 666666 6616 no 661116 11166166, 6166161616 los
6661666666 66 podria 6666666166616661166, 66661166 1661166616
v. 116666 666 116616 mandat luogo provoerlo‚ 666 por 6611 6166616
6 M. Bemardino 16 16Β6616 666 tomo trabayo 16 66 6661116116 esto
6666616 661666 6166666666 6661666616 61 66661616 16 6. b. para 61 qual

66616 6. 6. libramento disponer 16 666 persona 6 16 6616 felicissimo
exercito 6661616 absoluto imperio como 16 66616611 66666166 6666 666
61 616616 6616616116161116 666166 616 1616666 61661666 entre 6. b·
6 66 m. 16 66661666. (16666166 Dios 6. s. 16 6666 666616 persona 16 6. 1.

6666 661666 1611616161. De Ρ6616 6 1666 16116666 661666.

De 6. b.
1166 humil 6166616 66661166 666 666 6 pios 1666
61 111666 16 16666.

 

