INDEX NOMINUM.

———-—-

anam 818.

11111415, 411, 418.

8111111111. 4, 80,68,10, 116. lsi. 215,
216, 288, 264, 268, 801, 818, 888.

nemun 11, 28.

Aemilia 11ςί1 484 nt naq.

141111 280, 888, 841.

Aimo 11 Pubiiais 88.

4111111111441, 448.

siba 111111. 880, 861.

Albaniae dux 48, 88, 258, 888, 888.

albarius marchio 811111111111111 84, 86,
208, 288.

1111111111. Gallina 881, 886, 844.

8111111111 Ferrarius 111 284, 218, 884,
888, 884. 446 181111.

4111111885.

111111811111111111 185.

Anulis 41, 258.

1111111111111 41.

1111111480.

Ariminum 481.

1111181111 1111. 801.

Amulius 11. 811111. 481.

Asaiainm 268.

Austris 215.

avenionum 282, 801.

aversanus 11111. 8, 8.

811111111111111. 218.

8111ῑεί11 41, 188.

Barba (111111 81111111111 888, 408.
Barium 184, 280, 284.

81111111 81.

8118111111 88.

Bastia 405, 421.

81111111 ducas 222, 288.
8111111111 268.

81111111 uuili. 288.

sumemus 88.

Bobium 415, 411, 418.

8111111 161, 111, 214.

8111111811 404, 401.

8111 rusina Pnloniaa 280, 288.

8111111 802, 808, 848, 888, 402, 408,
408, 415, 411, 418, 421, 428, 481,
488, 464, 411, 418, 481.

8111111111 Carolus 10, 214.

- 1111111111 214.

811111111111 111111111111 125168, 818,
820, 826, 884 aa 111.

81181111181111, 111111 8. Pauli 805.

8111111111 1111111111 818, 880, 881, 885,
888, 880, 882.

81111181111111 251, 258 111.

81111111111111111111111, 111141811111.

- 0111111118.

Britinorinm 480.

811111111111111111 85.

8111111111 Stephanus 161,188,168, 110, 825.

811111111111111111 854.

811111111111111111 48.

811111 barn (11) 180, 212, 216.

Canauna 415, 411, 418, 481.

6111111 11111884, 415.

611111 448. 444.

6111111111 Camillus 284.

8111111111. 414.

Camerinum 448, 445.

811111ςί111 card. ll, 18, 14, 16, 84,14,
11, 208, 288, 445.

cancellarius, 1111 (1118111111.

01111111111111 Lndovicua 218.

61111 (de) Capinus 280. 221.

(innuamus 1111111, 1111 1111111111.

{carolus 111111. 21, 28, 80, 88, 44, 48,
51, 58, 56, 60, 64, 68, 81, 1111111.
85, 88. 100, 101, 108, 104, 106, 108,
111, 118, 115. 111, 118, 122, 180,

 

