-405-

116111 616 rodo 6 6666166 16 s. on 16 6116616111 166 v. s. ill. in 16
66616 1616661116 61166 opertomento 16161 collocato ogni 166 confidente
et oportunum 661116 61666 di nuovo et 16661166 116 voglio 166116
6616161616616 61 6161161161 6111166 16666116 61611116 116 prometto do
161611116 16166 66116616166611 1661661666616 1616661611 Quando
61166 16 contenti 16 1611616 111111611111 1111116116 661116 166611
16 11116161116 61 6161611116 66616 166116 6116111616; 11 16 prometto
. . .1) ot tione 66111616 cho non 16 concludere 166616 6161116 116666
6 suspensione 1661616, considerato 61161111116 161 11 1111611 11616
6611616 1161161611 11616116 161611616, 66616 d 616616 666, circha 16
1616 22. 1161. 111. 16 161616 11’ 16 16 1116611 6 16116 diligonza 16616
116 ‘l 66111 16 11166116 61 signer 11111611 1166616 616 16 mandent di-
moni, per ricerohurla di 61616116 66616 11 61611 6166161 16661616
1116111111616166616 6116111616 di 61161161116 11111616 1611616 61 tempo
61116111 sappi come s’ha 16 661616111 61 dice 116 666 16 1116161116
Β66166116 16111666 111 do lei 61111616 111611116 6116161 suo, 66616

1116 sard 661 esequire come documento 6116166. 111666616 661666 ,

61 16116 611166 111111116 66616, dice 616166111 11 6611616 61 tinulo
qualo 6116116116 6616611116 tempo. So 66116 61611 homini 161 116611
1616666 6661 116166 16111 subito 16116 66616 61 666 1611616 1616611

Luni 1111411 111116 11121 616Β61116 di 1161666.

111116661 1616 6611666 6116661111 11 Β611666 616616 661 hori
oon questo 1611111161661611116 6616166 6 11 11611 61 11 16661 61 minus
66111666611611 insieme 16 61616116 61 661611 16 61166116116 666 661616
61666616 1616 11611616 61 616 6611116 6166616 66116 611166 116 1611616
6161111 li 16111666116116 661 66616 16 16 66111616 61616611 di 1111616
111161611161616 6166616 di continuo 616116 61 16 66116 16111166 16

16 6616 1611161666, 616 16116166 morti 6661616 corelli di froddo ot per·
611 666116 66116666 1611116 11666. Hiermnttino 16611116616 116161111116
di 616611 666661661611 616 quelli di 1161161 11611616616616 16161666
666616 1161616 1616, 16111 661 161116 616 6616111166 6 166166 61
osse 16116

’101111 111·

 

